0, 1064.25, 106.425, 0.0, 0.69
1, 1165.5, 222.975, 0.0, 0.6
2, 1441.5, 367.125, 0.0, 0.35
3, 1365.25, 503.65, 0.03, 0.38
4, 1413.0, 644.95, 0.0, 0.38
5, 1442.25, 789.175, 0.0, 0.35
6, 1457.25, 934.9, 0.0, 0.34
7, 1400.5, 1074.95, 0.03, 0.35
8, 1435.5, 1218.5, 0.0, 0.36
9, 1443.75, 1362.875, 0.0, 0.35
10, 1415.25, 1397.975, 0.0, 0.38
11, 1406.0, 1422.025, 0.03, 0.35
12, 1410.0, 1418.875, 0.0, 0.38
13, 1441.5, 1426.5, 0.0, 0.35
14, 1441.5, 1429.35, 0.0, 0.35
15, 1445.25, 1429.65, 0.0, 0.35
16, 1424.25, 1426.35, 0.0, 0.37
17, 1384.75, 1424.775, 0.03, 0.36
18, 1428.75, 1424.1, 0.0, 0.36
19, 1439.25, 1423.65, 0.0, 0.35
20, 1440.75, 1426.2, 0.0, 0.35
21, 1423.5, 1427.95, 0.0, 0.37
22, 1425.75, 1429.525, 0.0, 0.37
23, 1436.25, 1429.0, 0.0, 0.36
24, 1434.75, 1428.325, 0.0, 0.36
25, 1372.25, 1421.025, 0.05, 0.35
26, 1443.75, 1422.975, 0.0, 0.35
27, 1427.25, 1427.225, 0.0, 0.36
28, 1440.0, 1428.35, 0.0, 0.35
29, 1418.25, 1426.25, 0.0, 0.37
30, 1437.75, 1425.95, 0.0, 0.36
31, 1401.75, 1423.775, 0.0, 0.39
32, 1432.5, 1424.45, 0.0, 0.36
33, 1419.75, 1422.8, 0.0, 0.37
34, 1412.25, 1420.55, 0.0, 0.38
35, 1416.75, 1425.0, 0.0, 0.37
36, 1389.75, 1419.6, 0.02, 0.37
37, 1419.75, 1418.85, 0.0, 0.37
38, 1401.75, 1415.025, 0.0, 0.39
39, 1437.75, 1416.975, 0.0, 0.36
40, 1406.25, 1413.825, 0.0, 0.38
41, 1454.25, 1419.075, 0.0, 0.34
42, 1381.5, 1413.975, 0.0, 0.41
43, 1416.75, 1413.675, 0.0, 0.37
44, 1362.0, 1408.65, 0.0, 0.42
45, 1413.0, 1408.275, 0.0, 0.38
46, 1409.25, 1410.225, 0.0, 0.38
47, 1419.75, 1410.225, 0.0, 0.37
48, 1411.5, 1411.2, 0.0, 0.38
49, 1413.75, 1408.8, 0.0, 0.38
50, 1434.0, 1411.575, 0.0, 0.36
51, 1427.25, 1408.875, 0.0, 0.36
52, 1409.25, 1411.65, 0.0, 0.38
53, 1351.5, 1405.125, 0.0, 0.43
54, 1431.75, 1412.1, 0.0, 0.36
55, 1400.75, 1410.875, 0.03, 0.35
56, 1434.0, 1413.35, 0.0, 0.36
57, 1437.0, 1415.075, 0.0, 0.36
58, 1391.75, 1413.1, 0.03, 0.36
59, 1422.0, 1413.925, 0.0, 0.37
60, 1428.0, 1413.325, 0.0, 0.36
61, 1411.5, 1411.75, 0.0, 0.38
62, 1433.25, 1414.15, 0.0, 0.36
63, 1446.0, 1423.6, 0.0, 0.35
64, 1401.0, 1420.525, 0.0, 0.39
65, 1377.75, 1418.225, 0.0, 0.41
66, 1425.0, 1417.325, 0.0, 0.37
67, 1434.0, 1417.025, 0.0, 0.36
68, 1390.5, 1416.9, 0.0, 0.4
69, 1435.5, 1418.25, 0.0, 0.36
70, 1418.25, 1417.275, 0.0, 0.37
71, 1434.0, 1419.525, 0.0, 0.36
72, 1428.75, 1419.075, 0.0, 0.36
73, 1391.25, 1413.6, 0.0, 0.4
74, 1374.25, 1410.925, 0.03, 0.37
75, 1448.25, 1417.975, 0.0, 0.35
76, 1438.5, 1419.325, 0.0, 0.35
77, 1271.25, 1403.05, 0.1, 0.37
78, 1413.75, 1405.375, 0.0, 0.38
79, 1422.75, 1404.1, 0.0, 0.37
80, 1420.5, 1404.325, 0.0, 0.37
81, 1418.25, 1402.75, 0.0, 0.37
82, 1423.5, 1402.225, 0.0, 0.37
83, 1341.0, 1397.2, 0.0, 0.44
84, 1412.25, 1401.0, 0.0, 0.38
85, 1421.25, 1398.3, 0.0, 0.37
86, 1440.0, 1398.45, 0.0, 0.35
87, 1382.5, 1409.575, 0.03, 0.36
88, 1434.75, 1411.675, 0.0, 0.36
89, 1401.0, 1409.5, 0.0, 0.39
90, 1424.25, 1409.875, 0.0, 0.37
91, 1425.0, 1410.55, 0.0, 0.37
92, 1432.5, 1411.45, 0.0, 0.36
93, 1333.75, 1410.725, 0.03, 0.4
94, 1393.5, 1408.85, 0.0, 0.39
95, 1413.75, 1408.1, 0.0, 0.38
96, 1436.25, 1407.725, 0.0, 0.36
97, 1422.75, 1411.75, 0.0, 0.37
98, 1421.75, 1410.45, 0.01, 0.36
99, 1383.75, 1408.725, 0.0, 0.4
100, 1400.25, 1406.325, 0.0, 0.39
101, 1400.25, 1403.85, 0.0, 0.39
102, 1441.5, 1404.75, 0.0, 0.35
103, 1412.0, 1412.575, 0.01, 0.37
104, 1419.0, 1415.125, 0.0, 0.37
105, 1404.0, 1414.15, 0.0, 0.39
106, 1443.0, 1414.825, 0.0, 0.35
107, 1429.5, 1415.5, 0.0, 0.36
108, 1433.25, 1416.65, 0.0, 0.36
109, 1413.0, 1419.575, 0.0, 0.38
110, 1412.25, 1420.775, 0.0, 0.38
111, 1432.5, 1424.0, 0.0, 0.36
112, 1438.5, 1423.7, 0.0, 0.35
113, 1412.25, 1423.725, 0.0, 0.38
114, 1402.5, 1422.075, 0.0, 0.39
115, 1396.5, 1421.325, 0.0, 0.39
116, 1390.5, 1416.075, 0.0, 0.4
117, 1384.5, 1411.575, 0.0, 0.4
118, 1438.5, 1412.1, 0.0, 0.35
119, 1419.0, 1412.7, 0.0, 0.37
120, 1398.75, 1411.35, 0.0, 0.39
121, 1388.25, 1406.925, 0.0, 0.4
122, 1428.75, 1405.95, 0.0, 0.36
123, 1415.25, 1406.25, 0.0, 0.38
124, 1392.75, 1405.275, 0.0, 0.4
125, 1427.25, 1408.35, 0.0, 0.36
126, 1426.5, 1411.95, 0.0, 0.37
127, 1428.0, 1416.3, 0.0, 0.36
128, 1370.25, 1409.475, 0.0, 0.42
129, 1384.5, 1406.025, 0.0, 0.4
130, 1424.25, 1408.575, 0.0, 0.37
131, 1387.5, 1408.5, 0.0, 0.4
132, 1369.5, 1402.575, 0.0, 0.42
133, 1400.25, 1401.075, 0.0, 0.39
134, 1387.25, 1400.525, 0.03, 0.36
135, 1415.25, 1399.325, 0.0, 0.38
136, 1396.5, 1396.325, 0.0, 0.39
137, 1386.75, 1392.2, 0.0, 0.4
138, 1407.0, 1395.875, 0.0, 0.38
139, 1421.25, 1399.55, 0.0, 0.37
140, 1392.75, 1396.4, 0.0, 0.4
141, 1428.5, 1400.5, 0.01, 0.35
142, 1247.5, 1388.3, 0.03, 0.48
143, 1415.25, 1389.8, 0.0, 0.38
144, 1423.5, 1393.425, 0.0, 0.37
145, 1407.75, 1392.675, 0.0, 0.38
146, 1421.25, 1395.15, 0.0, 0.37
147, 1385.0, 1394.975, 0.03, 0.37
148, 1429.5, 1397.225, 0.0, 0.36
149, 1396.5, 1394.75, 0.0, 0.39
150, 1300.25, 1385.5, 0.03, 0.44
151, 1429.5, 1385.6, 0.0, 0.36
152, 1390.5, 1399.9, 0.0, 0.4
153, 1400.25, 1398.4, 0.0, 0.39
154, 1428.0, 1398.85, 0.0, 0.36
155, 1422.75, 1400.35, 0.0, 0.37
156, 1405.5, 1398.775, 0.0, 0.38
157, 1429.5, 1403.225, 0.0, 0.36
158, 1414.5, 1401.725, 0.0, 0.38
159, 1410.0, 1403.075, 0.0, 0.38
160, 1406.25, 1413.675, 0.0, 0.38
161, 1386.0, 1409.325, 0.0, 0.4
162, 1424.25, 1412.7, 0.0, 0.37
163, 1434.0, 1416.075, 0.0, 0.36
164, 1435.5, 1416.825, 0.0, 0.36
165, 1403.25, 1414.875, 0.0, 0.39
166, 1410.0, 1415.325, 0.0, 0.38
167, 1419.0, 1414.275, 0.0, 0.37
168, 1413.75, 1414.2, 0.0, 0.38
169, 1404.0, 1413.6, 0.0, 0.39
170, 1397.25, 1412.7, 0.0, 0.39
171, 1406.25, 1414.725, 0.0, 0.38
172, 1421.25, 1414.425, 0.0, 0.37
173, 1376.25, 1408.65, 0.0, 0.41
174, 1401.75, 1405.275, 0.0, 0.39
175, 1405.5, 1405.5, 0.0, 0.38
176, 1419.0, 1406.4, 0.0, 0.37
177, 1401.0, 1404.6, 0.0, 0.39
178, 1406.25, 1403.85, 0.0, 0.38
179, 1420.5, 1405.5, 0.0, 0.37
180, 1336.5, 1399.425, 0.0, 0.45
181, 1440.0, 1402.8, 0.0, 0.35
182, 1404.75, 1401.15, 0.0, 0.38
183, 1427.25, 1406.25, 0.0, 0.36
184, 1416.0, 1407.675, 0.0, 0.37
185, 1406.25, 1407.75, 0.0, 0.38
186, 1401.0, 1405.95, 0.0, 0.39
187, 1389.75, 1404.825, 0.0, 0.4
188, 1366.75, 1400.875, 0.03, 0.38
189, 1425.0, 1401.325, 0.0, 0.37
190, 1425.75, 1410.25, 0.0, 0.37
191, 1428.75, 1409.125, 0.0, 0.36
192, 1441.5, 1412.8, 0.0, 0.35
193, 1415.25, 1411.6, 0.0, 0.38
194, 1409.25, 1410.925, 0.0, 0.38
195, 1394.25, 1409.725, 0.0, 0.39
196, 1395.75, 1409.2, 0.0, 0.39
197, 1424.25, 1412.65, 0.0, 0.37
198, 1397.25, 1415.7, 0.0, 0.39
199, 1437.0, 1416.9, 0.0, 0.36
200, 1395.0, 1413.825, 0.0, 0.39
201, 1379.5, 1408.9, 0.03, 0.36
202, 1413.0, 1406.05, 0.0, 0.38
203, 1440.0, 1408.525, 0.0, 0.35
204, 1422.0, 1409.8, 0.0, 0.37
205, 1417.5, 1412.125, 0.0, 0.37
206, 1432.5, 1415.8, 0.0, 0.36
207, 1430.25, 1416.4, 0.0, 0.36
208, 1389.0, 1415.575, 0.0, 0.4
209, 1408.5, 1412.725, 0.0, 0.38
210, 1385.25, 1411.75, 0.0, 0.4
211, 1410.0, 1414.8, 0.0, 0.38
212, 1416.0, 1415.1, 0.0, 0.37
213, 1390.5, 1410.15, 0.0, 0.4
214, 1412.25, 1409.175, 0.0, 0.38
215, 1425.75, 1410.0, 0.0, 0.37
216, 1421.25, 1408.875, 0.0, 0.37
217, 1373.25, 1403.175, 0.0, 0.41
218, 1424.25, 1406.7, 0.0, 0.37
219, 1428.75, 1408.725, 0.0, 0.36
220, 1429.5, 1413.15, 0.0, 0.36
221, 1351.5, 1407.3, 0.0, 0.43
222, 1396.5, 1405.35, 0.0, 0.39
223, 1434.0, 1409.7, 0.0, 0.36
224, 1362.75, 1404.75, 0.0, 0.42
225, 1411.5, 1403.325, 0.0, 0.38
226, 1393.5, 1400.55, 0.0, 0.39
227, 1392.0, 1402.425, 0.0, 0.4
228, 1389.75, 1398.975, 0.0, 0.4
229, 1428.0, 1398.9, 0.0, 0.36
230, 1416.75, 1397.625, 0.0, 0.37
231, 1423.5, 1404.825, 0.0, 0.37
232, 1409.25, 1406.1, 0.0, 0.38
233, 1344.75, 1397.175, 0.0, 0.44
234, 1421.25, 1403.025, 0.0, 0.37
235, 1437.0, 1405.575, 0.0, 0.36
236, 1431.0, 1409.325, 0.0, 0.36
237, 1417.5, 1411.875, 0.0, 0.37
238, 1427.25, 1415.625, 0.0, 0.36
239, 1428.75, 1415.7, 0.0, 0.36
240, 1379.25, 1411.95, 0.0, 0.41
241, 1341.75, 1403.775, 0.0, 0.44
242, 1423.5, 1405.2, 0.0, 0.37
243, 1428.0, 1413.525, 0.0, 0.36
244, 1401.75, 1411.575, 0.0, 0.39
245, 1419.75, 1409.85, 0.0, 0.37
246, 1348.5, 1401.6, 0.0, 0.43
247, 1402.75, 1400.125, 0.01, 0.37
248, 1410.75, 1398.475, 0.0, 0.38
249, 1392.0, 1394.8, 0.0, 0.4
250, 1434.0, 1400.275, 0.0, 0.36
251, 1419.0, 1408.0, 0.0, 0.37
252, 1425.75, 1408.225, 0.0, 0.37
253, 1417.5, 1407.175, 0.0, 0.37
254, 1383.0, 1405.3, 0.0, 0.4
255, 1396.5, 1402.975, 0.0, 0.39
256, 1424.25, 1410.55, 0.0, 0.37
257, 1403.25, 1410.6, 0.0, 0.39
258, 1383.0, 1407.825, 0.0, 0.4
259, 1416.0, 1410.225, 0.0, 0.37
260, 1414.5, 1408.275, 0.0, 0.38
261, 1422.75, 1408.65, 0.0, 0.37
262, 1411.5, 1407.225, 0.0, 0.38
263, 1422.0, 1407.675, 0.0, 0.37
264, 1436.25, 1413.0, 0.0, 0.36
265, 1387.5, 1412.1, 0.0, 0.4
266, 1407.0, 1410.375, 0.0, 0.38
267, 1423.5, 1412.4, 0.0, 0.37
268, 1434.75, 1417.575, 0.0, 0.36
269, 1422.75, 1418.25, 0.0, 0.37
270, 1422.0, 1419.0, 0.0, 0.37
271, 1430.25, 1419.75, 0.0, 0.36
272, 1404.75, 1419.075, 0.0, 0.38
273, 1383.0, 1415.175, 0.0, 0.4
274, 1425.75, 1414.125, 0.0, 0.37
275, 1437.0, 1419.075, 0.0, 0.36
276, 1443.0, 1422.675, 0.0, 0.35
277, 1414.5, 1421.775, 0.0, 0.38
278, 1419.0, 1420.2, 0.0, 0.37
279, 1419.0, 1419.825, 0.0, 0.37
280, 1396.5, 1417.275, 0.0, 0.39
281, 1422.75, 1416.525, 0.0, 0.37
282, 1417.5, 1417.8, 0.0, 0.37
283, 1419.0, 1421.4, 0.0, 0.37
284, 1425.0, 1421.325, 0.0, 0.37
285, 1427.25, 1420.35, 0.0, 0.36
286, 1413.75, 1417.425, 0.0, 0.38
287, 1434.0, 1419.375, 0.0, 0.36
288, 1354.5, 1412.925, 0.0, 0.43
289, 1376.25, 1408.65, 0.0, 0.41
290, 1409.25, 1409.925, 0.0, 0.38
291, 1395.0, 1407.15, 0.0, 0.39
292, 1405.5, 1405.95, 0.0, 0.38
293, 1413.0, 1405.35, 0.0, 0.38
294, 1317.75, 1394.625, 0.0, 0.46
295, 1441.5, 1396.05, 0.0, 0.35
296, 1425.0, 1397.175, 0.0, 0.37
297, 1404.75, 1394.25, 0.0, 0.38
298, 1395.75, 1398.375, 0.0, 0.39
299, 1443.0, 1405.05, 0.0, 0.35
300, 1352.25, 1399.35, 0.0, 0.43
301, 1362.0, 1396.05, 0.0, 0.42
302, 1380.0, 1393.5, 0.0, 0.41
303, 1290.0, 1381.2, 0.0, 0.49
304, 1383.0, 1387.725, 0.0, 0.4
305, 1426.5, 1386.225, 0.0, 0.37
306, 1280.25, 1371.75, 0.0, 0.5
307, 1419.75, 1373.25, 0.0, 0.37
308, 1430.25, 1376.7, 0.0, 0.36
309, 1409.25, 1373.325, 0.0, 0.38
310, 1445.25, 1382.625, 0.0, 0.35
311, 1425.0, 1388.925, 0.0, 0.37
312, 1417.5, 1392.675, 0.0, 0.37
313, 1353.0, 1398.975, 0.0, 0.43
314, 1395.0, 1400.175, 0.0, 0.39
315, 1397.75, 1397.3, 0.01, 0.38
316, 1382.25, 1407.5, 0.0, 0.4
317, 1428.75, 1408.4, 0.0, 0.36
318, 1402.5, 1405.625, 0.0, 0.39
319, 1431.0, 1407.8, 0.0, 0.36
320, 1401.75, 1403.45, 0.0, 0.39
321, 1432.5, 1404.2, 0.0, 0.36
322, 1431.75, 1405.625, 0.0, 0.36
323, 1428.0, 1413.125, 0.0, 0.36
324, 1426.5, 1416.275, 0.0, 0.37
325, 1431.75, 1419.675, 0.0, 0.36
326, 1385.25, 1419.975, 0.0, 0.4
327, 1407.75, 1417.875, 0.0, 0.38
328, 1405.5, 1418.175, 0.0, 0.38
329, 1440.0, 1419.075, 0.0, 0.35
330, 1390.25, 1417.925, 0.03, 0.36
331, 1414.5, 1416.125, 0.0, 0.38
332, 1410.75, 1414.025, 0.0, 0.38
333, 1410.0, 1412.225, 0.0, 0.38
334, 1369.5, 1406.525, 0.0, 0.42
335, 1389.0, 1402.25, 0.0, 0.4
336, 1423.5, 1406.075, 0.0, 0.37
337, 1404.0, 1405.7, 0.0, 0.39
338, 1432.5, 1408.4, 0.0, 0.36
339, 1392.75, 1403.675, 0.02, 0.37
340, 1380.0, 1402.65, 0.0, 0.41
341, 1368.0, 1398.0, 0.0, 0.42
342, 1425.75, 1399.5, 0.0, 0.37
343, 1429.5, 1401.45, 0.0, 0.36
344, 1416.0, 1406.1, 0.0, 0.37
345, 1417.5, 1408.95, 0.0, 0.37
346, 1434.0, 1410.0, 0.0, 0.36
347, 1395.0, 1409.1, 0.0, 0.39
348, 1416.0, 1407.45, 0.0, 0.37
349, 1412.25, 1409.4, 0.0, 0.38
350, 1380.5, 1409.45, 0.03, 0.37
351, 1416.75, 1414.325, 0.0, 0.37
352, 1386.0, 1410.35, 0.0, 0.4
353, 1417.5, 1409.15, 0.0, 0.37
354, 1355.5, 1403.1, 0.03, 0.38
355, 1401.0, 1401.45, 0.0, 0.39
356, 1359.5, 1394.0, 0.03, 0.39
357, 1392.75, 1393.775, 0.0, 0.4
358, 1436.25, 1395.8, 0.0, 0.36
359, 1356.5, 1390.225, 0.03, 0.39
360, 1407.75, 1392.95, 0.0, 0.38
361, 1397.25, 1391.0, 0.0, 0.39
362, 1428.75, 1395.275, 0.0, 0.36
363, 1392.0, 1392.725, 0.0, 0.4
364, 1367.0, 1393.875, 0.03, 0.38
365, 1361.0, 1389.875, 0.03, 0.39
366, 1381.5, 1392.075, 0.0, 0.41
367, 1361.5, 1388.95, 0.05, 0.35
368, 1433.25, 1388.65, 0.0, 0.36
369, 1328.25, 1385.825, 0.0, 0.45
370, 1407.75, 1385.825, 0.0, 0.38
371, 1394.25, 1385.525, 0.0, 0.39
372, 1348.75, 1377.525, 0.03, 0.39
373, 1385.25, 1376.85, 0.0, 0.4
374, 1386.0, 1378.75, 0.0, 0.4
375, 1388.25, 1381.475, 0.0, 0.4
376, 1429.5, 1386.275, 0.0, 0.36
377, 1401.75, 1390.3, 0.0, 0.39
378, 1380.75, 1385.05, 0.0, 0.41
379, 1429.5, 1395.175, 0.0, 0.36
380, 1425.75, 1396.975, 0.0, 0.37
381, 1369.5, 1394.5, 0.0, 0.42
382, 1422.75, 1401.9, 0.0, 0.37
383, 1425.75, 1405.95, 0.0, 0.37
384, 1392.0, 1406.55, 0.0, 0.4
385, 1413.0, 1409.025, 0.0, 0.38
386, 1421.25, 1408.2, 0.0, 0.37
387, 1426.5, 1410.675, 0.0, 0.37
388, 1410.75, 1413.675, 0.0, 0.38
389, 1431.0, 1413.825, 0.0, 0.36
390, 1394.0, 1410.65, 0.01, 0.39
391, 1406.25, 1414.325, 0.0, 0.38
392, 1360.5, 1408.1, 0.0, 0.42
393, 1407.0, 1406.225, 0.0, 0.38
394, 1411.5, 1408.175, 0.0, 0.38
395, 1419.0, 1408.775, 0.0, 0.37
396, 1407.0, 1407.35, 0.0, 0.38
397, 1398.0, 1404.5, 0.0, 0.39
398, 1436.25, 1407.05, 0.0, 0.36
399, 1386.0, 1402.55, 0.0, 0.4
400, 1398.0, 1402.95, 0.0, 0.39
401, 1410.75, 1403.4, 0.0, 0.38
402, 1408.5, 1408.2, 0.0, 0.38
403, 1383.0, 1405.8, 0.0, 0.4
404, 1457.25, 1410.375, 0.0, 0.34
405, 1386.5, 1407.125, 0.03, 0.37
406, 1378.5, 1404.275, 0.0, 0.41
407, 1387.75, 1403.25, 0.03, 0.36
408, 1309.0, 1390.525, 0.03, 0.43
409, 1419.75, 1393.9, 0.0, 0.37
410, 1376.0, 1391.7, 0.03, 0.38
411, 1422.0, 1392.825, 0.0, 0.37
412, 1378.5, 1389.825, 0.0, 0.41
413, 1421.25, 1393.65, 0.0, 0.37
414, 1422.0, 1390.125, 0.0, 0.37
415, 1356.0, 1387.075, 0.0, 0.43
416, 1366.5, 1385.875, 0.0, 0.42
417, 1428.75, 1389.975, 0.0, 0.36
418, 1430.25, 1402.1, 0.0, 0.36
419, 1410.75, 1401.2, 0.0, 0.38
420, 1422.75, 1405.875, 0.0, 0.37
421, 1387.5, 1402.425, 0.0, 0.4
422, 1443.0, 1408.875, 0.0, 0.35
423, 1415.25, 1408.275, 0.0, 0.38
424, 1365.75, 1402.65, 0.0, 0.42
425, 1410.75, 1408.125, 0.0, 0.38
426, 1344.75, 1405.95, 0.0, 0.44
427, 1345.5, 1397.625, 0.0, 0.44
428, 1392.75, 1393.875, 0.0, 0.4
429, 1410.0, 1393.8, 0.0, 0.38
430, 1415.25, 1393.05, 0.0, 0.38
431, 1429.5, 1397.25, 0.0, 0.36
432, 1409.25, 1393.875, 0.0, 0.38
433, 1425.75, 1394.925, 0.0, 0.37
434, 1422.75, 1400.625, 0.0, 0.37
435, 1410.0, 1400.55, 0.0, 0.38
436, 1429.5, 1409.025, 0.0, 0.36
437, 1423.5, 1416.825, 0.0, 0.37
438, 1425.0, 1420.05, 0.0, 0.37
439, 1425.75, 1421.625, 0.0, 0.37
440, 1373.75, 1417.475, 0.03, 0.38
441, 1347.0, 1409.225, 0.0, 0.44
442, 1417.5, 1410.05, 0.0, 0.37
443, 1357.5, 1403.225, 0.0, 0.43
444, 1434.0, 1404.35, 0.0, 0.36
445, 1409.25, 1404.275, 0.0, 0.38
446, 1406.25, 1401.95, 0.0, 0.38
447, 1419.75, 1401.575, 0.0, 0.37
448, 1403.25, 1399.4, 0.0, 0.39
449, 1419.0, 1398.725, 0.0, 0.37
450, 1312.5, 1392.6, 0.0, 0.47
451, 1412.25, 1399.125, 0.0, 0.38
452, 1413.0, 1398.675, 0.0, 0.38
453, 1436.25, 1406.55, 0.0, 0.36
454, 1417.5, 1404.9, 0.0, 0.37
455, 1400.25, 1404.0, 0.0, 0.39
456, 1396.5, 1403.025, 0.0, 0.39
457, 1432.5, 1404.3, 0.0, 0.36
458, 1373.0, 1401.275, 0.03, 0.38
459, 1420.5, 1401.425, 0.0, 0.37
460, 1395.75, 1409.75, 0.0, 0.39
461, 1312.75, 1399.8, 0.03, 0.42
462, 1421.25, 1400.625, 0.0, 0.37
463, 1428.0, 1399.8, 0.0, 0.36
464, 1425.0, 1400.55, 0.0, 0.37
465, 1392.0, 1399.725, 0.0, 0.4
466, 1420.5, 1402.125, 0.0, 0.37
467, 1368.75, 1395.75, 0.0, 0.42
468, 1377.0, 1396.15, 0.0, 0.41
469, 1397.25, 1393.825, 0.0, 0.39
470, 1439.25, 1398.175, 0.0, 0.35
471, 1431.75, 1410.075, 0.0, 0.36
472, 1409.25, 1408.875, 0.0, 0.38
473, 1399.5, 1406.025, 0.0, 0.39
474, 1373.25, 1400.85, 0.0, 0.41
475, 1433.25, 1404.975, 0.0, 0.36
476, 1356.75, 1398.6, 0.0, 0.43
477, 1398.75, 1401.6, 0.0, 0.39
478, 1436.25, 1407.525, 0.0, 0.36
479, 1427.25, 1410.525, 0.0, 0.36
480, 1406.25, 1407.225, 0.0, 0.38
481, 1421.25, 1406.175, 0.0, 0.37
482, 1390.5, 1404.3, 0.0, 0.4
483, 1431.75, 1407.525, 0.0, 0.36
484, 1418.25, 1412.025, 0.0, 0.37
485, 1410.0, 1409.7, 0.0, 0.38
486, 1340.25, 1408.05, 0.06, 0.37
487, 1401.0, 1408.275, 0.0, 0.39
488, 1387.5, 1403.4, 0.0, 0.4
489, 1383.75, 1399.05, 0.0, 0.4
490, 1412.25, 1399.65, 0.0, 0.38
491, 1423.5, 1399.875, 0.0, 0.37
492, 1386.75, 1399.5, 0.0, 0.4
493, 1371.0, 1393.425, 0.0, 0.41
494, 1366.5, 1388.25, 0.0, 0.42
495, 1409.25, 1388.175, 0.0, 0.38
496, 1406.25, 1394.775, 0.0, 0.38
497, 1385.25, 1393.2, 0.0, 0.4
498, 1416.0, 1396.05, 0.0, 0.37
499, 1416.75, 1399.35, 0.0, 0.37
500, 1421.25, 1400.25, 0.0, 0.37
501, 1365.0, 1394.4, 0.0, 0.42
502, 1419.0, 1397.625, 0.0, 0.37
503, 1369.5, 1397.475, 0.0, 0.42
504, 1379.25, 1398.75, 0.0, 0.41
505, 1413.0, 1399.125, 0.0, 0.38
506, 1403.0, 1398.8, 0.01, 0.38
507, 1400.25, 1400.3, 0.0, 0.39
508, 1441.5, 1402.85, 0.0, 0.35
509, 1411.5, 1402.325, 0.0, 0.38
510, 1425.75, 1402.775, 0.0, 0.37
511, 1397.25, 1406.0, 0.0, 0.39
512, 1395.75, 1403.675, 0.0, 0.39
513, 1409.25, 1407.65, 0.0, 0.38
514, 1296.5, 1399.375, 0.03, 0.45
515, 1421.25, 1400.2, 0.0, 0.37
516, 1383.0, 1398.2, 0.0, 0.4
517, 1417.5, 1399.925, 0.0, 0.37
518, 1384.25, 1394.2, 0.03, 0.37
519, 1380.75, 1391.125, 0.0, 0.41
520, 1431.0, 1391.65, 0.0, 0.36
521, 1425.75, 1394.5, 0.0, 0.37
522, 1406.25, 1395.55, 0.0, 0.38
523, 1358.75, 1390.5, 0.03, 0.39
524, 1435.5, 1404.4, 0.0, 0.36
525, 1395.75, 1401.85, 0.0, 0.39
526, 1428.0, 1406.35, 0.0, 0.36
527, 1356.0, 1400.2, 0.0, 0.43
528, 1427.25, 1404.5, 0.0, 0.36
529, 1372.5, 1403.675, 0.0, 0.41
530, 1347.5, 1395.325, 0.03, 0.4
531, 1399.5, 1392.7, 0.0, 0.39
532, 1421.25, 1394.2, 0.0, 0.37
533, 1413.0, 1399.625, 0.0, 0.38
534, 1429.5, 1399.025, 0.0, 0.36
535, 1418.25, 1401.275, 0.0, 0.37
536, 1371.25, 1395.6, 0.01, 0.4
537, 1407.75, 1400.775, 0.0, 0.38
538, 1391.25, 1397.175, 0.0, 0.4
539, 1417.5, 1401.675, 0.0, 0.37
540, 1406.25, 1407.55, 0.0, 0.38
541, 1425.0, 1410.1, 0.0, 0.37
542, 1408.5, 1408.825, 0.0, 0.38
543, 1436.25, 1411.15, 0.0, 0.36
544, 1413.75, 1409.575, 0.0, 0.38
545, 1416.0, 1409.35, 0.0, 0.37
546, 1406.25, 1412.85, 0.0, 0.38
547, 1358.25, 1407.9, 0.0, 0.43
548, 1386.0, 1407.375, 0.0, 0.4
549, 1419.0, 1407.525, 0.0, 0.37
550, 1397.25, 1406.625, 0.0, 0.39
551, 1367.0, 1400.825, 0.03, 0.38
552, 1410.0, 1400.975, 0.0, 0.38
553, 1424.25, 1399.775, 0.0, 0.37
554, 1389.75, 1397.375, 0.0, 0.4
555, 1434.0, 1399.175, 0.0, 0.36
556, 1399.5, 1398.5, 0.0, 0.39
557, 1398.75, 1402.55, 0.0, 0.39
558, 1415.25, 1405.475, 0.0, 0.38
559, 1395.0, 1403.075, 0.0, 0.39
560, 1416.75, 1405.025, 0.0, 0.37
561, 1410.75, 1409.4, 0.0, 0.38
562, 1429.5, 1411.35, 0.0, 0.36
563, 1396.5, 1408.575, 0.0, 0.39
564, 1434.75, 1413.075, 0.0, 0.36
565, 1425.75, 1412.25, 0.0, 0.37
566, 1372.5, 1409.55, 0.0, 0.41
567, 1398.0, 1409.475, 0.0, 0.39
568, 1407.0, 1408.65, 0.0, 0.38
569, 1413.75, 1410.525, 0.0, 0.38
570, 1404.0, 1409.25, 0.0, 0.39
571, 1403.25, 1408.5, 0.0, 0.39
572, 1407.75, 1406.325, 0.0, 0.38
573, 1335.75, 1400.25, 0.0, 0.45
574, 1413.75, 1398.15, 0.0, 0.38
575, 1390.5, 1394.625, 0.0, 0.4
576, 1399.5, 1397.325, 0.0, 0.39
577, 1406.25, 1398.15, 0.0, 0.38
578, 1340.25, 1391.475, 0.0, 0.44
579, 1350.75, 1385.175, 0.04, 0.38
580, 1413.0, 1386.075, 0.0, 0.38
581, 1410.75, 1386.825, 0.0, 0.38
582, 1392.75, 1385.325, 0.0, 0.4
583, 1365.75, 1388.325, 0.0, 0.42
584, 1399.5, 1386.9, 0.0, 0.39
585, 1413.75, 1389.225, 0.0, 0.38
586, 1434.75, 1392.75, 0.0, 0.36
587, 1410.0, 1393.125, 0.0, 0.38
588, 1391.25, 1398.225, 0.0, 0.4
589, 1384.5, 1401.6, 0.0, 0.4
590, 1400.25, 1400.325, 0.0, 0.39
591, 1287.75, 1388.025, 0.0, 0.49
592, 1353.0, 1384.05, 0.0, 0.43
593, 1372.5, 1384.725, 0.0, 0.41
594, 1355.75, 1380.35, 0.03, 0.39
595, 1399.5, 1378.925, 0.0, 0.39
596, 1402.5, 1375.7, 0.0, 0.39
597, 1401.0, 1374.8, 0.0, 0.39
598, 1357.0, 1371.375, 0.03, 0.38
599, 1425.75, 1375.5, 0.0, 0.37
0, 1423.5, 142.35, 0.0, 0.37
1, 1444.5, 286.8, 0.0, 0.35
2, 1434.0, 430.2, 0.0, 0.36
3, 1410.0, 571.2, 0.0, 0.38
4, 1442.25, 715.425, 0.0, 0.35
5, 1396.0, 855.025, 0.03, 0.35
6, 1434.75, 998.5, 0.0, 0.36
7, 1413.75, 1139.875, 0.0, 0.38
8, 1397.5, 1279.625, 0.03, 0.35
9, 1428.0, 1422.425, 0.0, 0.36
10, 1364.75, 1416.55, 0.03, 0.39
11, 1428.0, 1414.9, 0.0, 0.36
12, 1343.75, 1405.875, 0.03, 0.4
13, 1432.5, 1408.125, 0.0, 0.36
14, 1434.0, 1407.3, 0.0, 0.36
15, 1440.75, 1411.775, 0.0, 0.35
16, 1407.75, 1409.075, 0.0, 0.38
17, 1416.75, 1409.375, 0.0, 0.37
18, 1413.75, 1411.0, 0.0, 0.38
19, 1441.5, 1412.35, 0.0, 0.35
20, 1393.0, 1415.175, 0.03, 0.35
21, 1444.5, 1416.825, 0.0, 0.35
22, 1407.75, 1423.225, 0.0, 0.38
23, 1443.0, 1424.275, 0.0, 0.35
24, 1415.25, 1422.4, 0.0, 0.38
25, 1415.25, 1419.85, 0.0, 0.38
26, 1423.5, 1421.425, 0.0, 0.37
27, 1434.75, 1423.225, 0.0, 0.36
28, 1377.25, 1419.575, 0.03, 0.37
29, 1412.25, 1416.65, 0.0, 0.38
30, 1390.5, 1416.4, 0.0, 0.4
31, 1425.75, 1414.525, 0.0, 0.37
32, 1380.75, 1411.825, 0.0, 0.41
33, 1412.25, 1408.75, 0.0, 0.38
34, 1437.0, 1410.925, 0.0, 0.36
35, 1428.75, 1412.275, 0.0, 0.36
36, 1411.5, 1411.075, 0.0, 0.38
37, 1403.25, 1407.925, 0.0, 0.39
38, 1386.25, 1408.825, 0.03, 0.36
39, 1436.25, 1411.225, 0.0, 0.36
40, 1420.5, 1414.225, 0.0, 0.37
41, 1428.0, 1414.45, 0.0, 0.36
42, 1416.75, 1418.05, 0.0, 0.37
43, 1425.0, 1419.325, 0.0, 0.37
44, 1424.25, 1418.05, 0.0, 0.37
45, 1431.0, 1418.275, 0.0, 0.36
46, 1392.5, 1416.375, 0.03, 0.36
47, 1417.5, 1417.8, 0.0, 0.37
48, 1436.25, 1422.8, 0.0, 0.36
49, 1423.5, 1421.525, 0.0, 0.37
50, 1419.75, 1421.45, 0.0, 0.37
51, 1425.75, 1421.225, 0.0, 0.37
52, 1418.25, 1421.375, 0.0, 0.37
53, 1434.0, 1422.275, 0.0, 0.36
54, 1430.25, 1422.875, 0.0, 0.36
55, 1408.5, 1420.625, 0.0, 0.38
56, 1429.5, 1424.325, 0.0, 0.36
57, 1443.0, 1426.875, 0.0, 0.35
58, 1434.0, 1426.65, 0.0, 0.36
59, 1431.0, 1427.4, 0.0, 0.36
60, 1408.5, 1426.275, 0.0, 0.38
61, 1428.0, 1426.5, 0.0, 0.36
62, 1403.25, 1425.0, 0.0, 0.39
63, 1395.0, 1421.1, 0.0, 0.39
64, 1417.5, 1419.825, 0.0, 0.37
65, 1419.75, 1420.95, 0.0, 0.37
66, 1439.25, 1421.925, 0.0, 0.35
67, 1376.75, 1415.3, 0.03, 0.38
68, 1330.5, 1404.95, 0.0, 0.45
69, 1434.0, 1405.25, 0.0, 0.36
70, 1386.0, 1403.0, 0.0, 0.4
71, 1412.25, 1401.425, 0.0, 0.38
72, 1427.25, 1403.825, 0.0, 0.36
73, 1409.25, 1405.25, 0.0, 0.38
74, 1416.0, 1405.1, 0.0, 0.37
75, 1348.25, 1397.95, 0.03, 0.4
76, 1417.5, 1395.775, 0.0, 0.37
77, 1423.5, 1400.45, 0.0, 0.37
78, 1431.0, 1410.5, 0.0, 0.36
79, 1436.25, 1410.725, 0.0, 0.36
80, 1422.75, 1414.4, 0.0, 0.37
81, 1443.75, 1417.55, 0.0, 0.35
82, 1428.75, 1417.7, 0.0, 0.36
83, 1413.75, 1418.15, 0.0, 0.38
84, 1404.75, 1417.025, 0.0, 0.38
85, 1376.5, 1419.85, 0.03, 0.37
86, 1448.25, 1422.925, 0.0, 0.35
87, 1439.25, 1424.5, 0.0, 0.35
88, 1433.25, 1424.725, 0.0, 0.36
89, 1413.75, 1422.475, 0.0, 0.38
90, 1433.25, 1423.525, 0.0, 0.36
91, 1431.75, 1422.325, 0.0, 0.36
92, 1430.25, 1422.475, 0.0, 0.36
93, 1441.5, 1425.25, 0.0, 0.35
94, 1399.75, 1424.75, 0.03, 0.35
95, 1439.25, 1431.025, 0.0, 0.35
96, 1413.0, 1427.5, 0.0, 0.38
97, 1403.25, 1423.9, 0.0, 0.39
98, 1435.5, 1424.125, 0.0, 0.36
99, 1437.0, 1426.45, 0.0, 0.36
100, 1358.5, 1418.975, 0.03, 0.38
101, 1440.0, 1419.8, 0.0, 0.35
102, 1434.75, 1420.25, 0.0, 0.36
103, 1412.25, 1417.325, 0.0, 0.38
104, 1430.25, 1420.375, 0.0, 0.36
105, 1405.25, 1416.975, 0.03, 0.35
106, 1401.0, 1415.775, 0.0, 0.39
107, 1416.75, 1417.125, 0.0, 0.37
108, 1399.5, 1413.525, 0.0, 0.39
109, 1369.0, 1406.725, 0.03, 0.37
110, 1439.25, 1414.8, 0.0, 0.35
111, 1412.25, 1412.025, 0.0, 0.38
112, 1430.25, 1411.575, 0.0, 0.36
113, 1415.25, 1411.875, 0.0, 0.38
114, 1431.0, 1411.95, 0.0, 0.36
115, 1411.5, 1412.575, 0.0, 0.38
116, 1401.75, 1412.65, 0.0, 0.39
117, 1415.25, 1412.5, 0.0, 0.38
118, 1371.5, 1409.7, 0.03, 0.38
119, 1392.75, 1412.075, 0.0, 0.4
120, 1422.75, 1410.425, 0.0, 0.37
121, 1407.75, 1409.975, 0.0, 0.38
122, 1437.75, 1410.725, 0.0, 0.36
123, 1442.25, 1413.425, 0.0, 0.35
124, 1436.25, 1413.95, 0.0, 0.36
125, 1420.5, 1414.85, 0.0, 0.37
126, 1419.0, 1416.575, 0.0, 0.37
127, 1447.5, 1419.8, 0.0, 0.35
128, 1444.5, 1427.1, 0.0, 0.35
129, 1419.75, 1429.8, 0.0, 0.37
130, 1442.25, 1431.75, 0.0, 0.35
131, 1444.5, 1435.425, 0.0, 0.35
132, 1448.25, 1436.475, 0.0, 0.35
133, 1380.5, 1430.3, 0.03, 0.37
134, 1422.75, 1428.95, 0.0, 0.37
135, 1413.75, 1428.275, 0.0, 0.38
136, 1403.0, 1426.675, 0.03, 0.35
137, 1391.5, 1421.075, 0.03, 0.35
138, 1440.0, 1420.625, 0.0, 0.35
139, 1425.5, 1421.2, 0.01, 0.36
140, 1445.25, 1421.5, 0.0, 0.35
141, 1421.25, 1419.175, 0.0, 0.37
142, 1428.75, 1417.225, 0.0, 0.36
143, 1395.0, 1418.675, 0.0, 0.39
144, 1409.25, 1417.325, 0.0, 0.38
145, 1369.5, 1412.9, 0.06, 0.34
146, 1429.5, 1415.55, 0.0, 0.36
147, 1427.25, 1419.125, 0.0, 0.36
148, 1419.75, 1417.1, 0.0, 0.37
149, 1425.0, 1417.05, 0.0, 0.37
150, 1437.75, 1416.3, 0.0, 0.36
151, 1422.0, 1416.375, 0.0, 0.37
152, 1398.75, 1413.375, 0.0, 0.39
153, 1385.25, 1412.4, 0.02, 0.38
154, 1398.5, 1411.325, 0.03, 0.36
155, 1419.0, 1416.275, 0.0, 0.37
156, 1426.5, 1415.975, 0.0, 0.37
157, 1390.5, 1412.3, 0.0, 0.4
158, 1393.75, 1409.7, 0.03, 0.35
159, 1446.75, 1411.875, 0.0, 0.35
160, 1417.5, 1409.85, 0.0, 0.37
161, 1418.25, 1409.475, 0.0, 0.37
162, 1398.75, 1409.475, 0.0, 0.39
163, 1392.0, 1410.15, 0.0, 0.4
164, 1438.5, 1414.15, 0.0, 0.35
165, 1423.5, 1414.6, 0.0, 0.37
166, 1413.0, 1413.25, 0.0, 0.38
167, 1430.25, 1417.225, 0.0, 0.36
168, 1400.25, 1417.875, 0.0, 0.39
169, 1445.25, 1417.725, 0.0, 0.35
170, 1376.25, 1413.6, 0.0, 0.41
171, 1420.5, 1413.825, 0.0, 0.37
172, 1398.0, 1413.75, 0.0, 0.39
173, 1372.75, 1411.825, 0.03, 0.37
174, 1410.0, 1408.975, 0.0, 0.38
175, 1444.5, 1411.075, 0.0, 0.35
176, 1424.25, 1412.2, 0.0, 0.37
177, 1440.75, 1413.25, 0.0, 0.35
178, 1414.5, 1414.675, 0.0, 0.38
179, 1376.25, 1407.775, 0.0, 0.41
180, 1424.25, 1412.575, 0.0, 0.37
181, 1424.25, 1412.95, 0.0, 0.37
182, 1437.0, 1416.85, 0.0, 0.36
183, 1418.25, 1421.4, 0.0, 0.37
184, 1428.75, 1423.275, 0.0, 0.36
185, 1436.25, 1422.45, 0.0, 0.36
186, 1425.75, 1422.6, 0.0, 0.37
187, 1432.5, 1421.775, 0.0, 0.36
188, 1419.75, 1422.3, 0.0, 0.37
189, 1406.25, 1425.3, 0.0, 0.38
190, 1422.0, 1425.075, 0.0, 0.37
191, 1426.5, 1425.3, 0.0, 0.37
192, 1426.5, 1424.25, 0.0, 0.37
193, 1349.5, 1417.375, 0.03, 0.39
194, 1396.25, 1414.125, 0.03, 0.36
195, 1409.25, 1411.425, 0.0, 0.38
196, 1434.0, 1412.25, 0.0, 0.36
197, 1406.25, 1409.625, 0.0, 0.38
198, 1404.0, 1408.05, 0.0, 0.39
199, 1366.75, 1404.1, 0.03, 0.37
200, 1377.75, 1399.675, 0.0, 0.41
201, 1428.75, 1399.9, 0.0, 0.36
202, 1391.25, 1396.375, 0.0, 0.4
203, 1411.5, 1402.575, 0.0, 0.38
204, 1410.0, 1403.95, 0.0, 0.38
205, 1373.25, 1400.35, 0.0, 0.41
206, 1449.75, 1401.925, 0.0, 0.34
207, 1441.5, 1405.45, 0.0, 0.35
208, 1428.0, 1407.85, 0.0, 0.36
209, 1399.5, 1411.125, 0.0, 0.39
210, 1395.5, 1412.9, 0.03, 0.36
211, 1432.5, 1413.275, 0.0, 0.36
212, 1418.25, 1415.975, 0.0, 0.37
213, 1425.75, 1417.4, 0.0, 0.37
214, 1421.25, 1418.525, 0.0, 0.37
215, 1452.75, 1426.475, 0.0, 0.34
216, 1382.0, 1419.7, 0.03, 0.37
217, 1419.75, 1417.525, 0.0, 0.37
218, 1377.75, 1412.5, 0.0, 0.41
219, 1436.25, 1416.175, 0.0, 0.36
220, 1409.25, 1417.55, 0.0, 0.38
221, 1431.75, 1417.475, 0.0, 0.36
222, 1377.75, 1413.425, 0.0, 0.41
223, 1422.0, 1413.05, 0.0, 0.37
224, 1415.25, 1412.45, 0.0, 0.38
225, 1443.75, 1411.55, 0.0, 0.35
226, 1414.5, 1414.8, 0.0, 0.38
227, 1431.0, 1415.925, 0.0, 0.36
228, 1426.5, 1420.8, 0.0, 0.37
229, 1389.75, 1416.15, 0.0, 0.4
230, 1426.5, 1417.875, 0.0, 0.37
231, 1413.0, 1416.0, 0.0, 0.38
232, 1421.25, 1420.35, 0.0, 0.37
233, 1407.75, 1418.925, 0.0, 0.38
234, 1441.5, 1421.55, 0.0, 0.35
235, 1431.75, 1420.35, 0.0, 0.36
236, 1401.75, 1419.075, 0.0, 0.39
237, 1440.75, 1420.05, 0.0, 0.35
238, 1400.25, 1417.425, 0.0, 0.39
239, 1404.75, 1418.925, 0.0, 0.38
240, 1399.5, 1416.225, 0.0, 0.39
241, 1426.5, 1417.575, 0.0, 0.37
242, 1410.0, 1416.45, 0.0, 0.38
243, 1441.5, 1419.825, 0.0, 0.35
244, 1437.0, 1419.375, 0.0, 0.36
245, 1419.0, 1418.1, 0.0, 0.37
246, 1440.0, 1421.925, 0.0, 0.35
247, 1428.75, 1420.725, 0.0, 0.36
248, 1381.5, 1418.85, 0.0, 0.41
249, 1431.0, 1421.475, 0.0, 0.36
250, 1435.5, 1425.075, 0.0, 0.36
251, 1400.75, 1422.5, 0.03, 0.35
252, 1440.75, 1425.575, 0.0, 0.35
253, 1428.0, 1424.225, 0.0, 0.36
254, 1409.25, 1421.45, 0.0, 0.38
255, 1432.25, 1422.775, 0.01, 0.35
256, 1414.5, 1420.225, 0.0, 0.38
257, 1435.5, 1420.9, 0.0, 0.36
258, 1395.0, 1422.25, 0.0, 0.39
259, 1451.25, 1424.275, 0.0, 0.34
260, 1426.5, 1423.375, 0.0, 0.37
261, 1378.5, 1421.15, 0.0, 0.41
262, 1431.75, 1420.25, 0.0, 0.36
263, 1437.0, 1421.15, 0.0, 0.36
264, 1434.75, 1423.7, 0.0, 0.36
265, 1390.5, 1419.525, 0.0, 0.4
266, 1440.0, 1422.075, 0.0, 0.35
267, 1438.5, 1422.375, 0.0, 0.35
268, 1432.5, 1426.125, 0.0, 0.36
269, 1371.75, 1418.175, 0.0, 0.41
270, 1452.75, 1420.8, 0.0, 0.34
271, 1431.75, 1426.125, 0.0, 0.36
272, 1340.5, 1417.0, 0.03, 0.4
273, 1421.25, 1415.425, 0.0, 0.37
274, 1434.75, 1415.425, 0.0, 0.36
275, 1445.25, 1420.9, 0.0, 0.35
276, 1425.0, 1419.4, 0.0, 0.37
277, 1318.5, 1407.4, 0.0, 0.46
278, 1388.25, 1402.975, 0.0, 0.4
279, 1425.75, 1408.375, 0.0, 0.37
280, 1413.0, 1404.4, 0.0, 0.38
281, 1422.0, 1403.425, 0.0, 0.37
282, 1421.25, 1411.5, 0.0, 0.37
283, 1436.25, 1413.0, 0.0, 0.36
284, 1375.5, 1407.075, 0.0, 0.41
285, 1374.75, 1400.025, 0.0, 0.41
286, 1378.5, 1395.375, 0.0, 0.41
287, 1386.25, 1402.15, 0.03, 0.36
288, 1440.0, 1407.325, 0.0, 0.35
289, 1395.25, 1404.275, 0.03, 0.35
290, 1446.0, 1407.575, 0.0, 0.35
291, 1413.0, 1406.675, 0.0, 0.38
292, 1444.5, 1409.0, 0.0, 0.35
293, 1380.0, 1403.375, 0.0, 0.41
294, 1446.75, 1410.5, 0.0, 0.35
295, 1437.0, 1416.725, 0.0, 0.36
296, 1410.75, 1419.95, 0.02, 0.35
297, 1419.75, 1423.3, 0.0, 0.37
298, 1440.0, 1423.3, 0.0, 0.35
299, 1357.75, 1419.55, 0.03, 0.38
0, 1425.75, 142.575, 0.0, 0.37
1, 1286.25, 271.2, 0.0, 0.49
2, 1372.75, 408.475, 0.03, 0.37
3, 1414.5, 549.925, 0.0, 0.38
4, 1440.0, 693.925, 0.0, 0.35
5, 1446.75, 838.6, 0.0, 0.35
6, 1403.25, 978.925, 0.0, 0.39
7, 1401.75, 1119.1, 0.0, 0.39
8, 1431.0, 1262.2, 0.0, 0.36
9, 1375.25, 1399.725, 0.03, 0.38
10, 1363.5, 1393.5, 0.0, 0.42
11, 1422.0, 1407.075, 0.0, 0.37
12, 1419.75, 1411.775, 0.0, 0.37
13, 1376.75, 1408.0, 0.03, 0.37
14, 1440.75, 1408.075, 0.0, 0.35
15, 1422.75, 1405.675, 0.0, 0.37
16, 1419.75, 1407.325, 0.0, 0.37
17, 1437.0, 1410.85, 0.0, 0.36
18, 1422.75, 1410.025, 0.0, 0.37
19, 1345.25, 1407.025, 0.03, 0.4
20, 1402.5, 1410.925, 0.0, 0.39
21, 1439.25, 1412.65, 0.0, 0.35
22, 1386.0, 1409.275, 0.0, 0.4
23, 1434.0, 1415.0, 0.0, 0.36
24, 1389.75, 1409.9, 0.0, 0.4
25, 1435.5, 1411.175, 0.0, 0.36
26, 1432.5, 1412.45, 0.0, 0.36
27, 1431.0, 1411.85, 0.0, 0.36
28, 1430.25, 1412.6, 0.0, 0.36
29, 1420.5, 1420.125, 0.0, 0.37
